Alex0909,1Mgvwf4B1VFWKyT91tYnRVPqpTv4ddrfVT,1/5-Marketing(http://devtome.com/doku.php?id=wiki:user:Alex0909)
Alyssa85,1ERn5JRTm5P47LzhiLCbKtduwj9M3cPE81,1/5-Marketing(http://devtome.com/doku.php?id=wiki:user:Alyssa85)
Ashleysly,1Mdu9MbAEsUm81NzEPQR7GCkUxbG39pWMy,1/5-Marketing(http://devtome.com/doku.php?id=wiki:user:Ashleysly)
CryptoAddicto,1DKhy7jj8oB53iGZYrWzDSfcVoKHjsuxaa,7/5-Marketing(http://devtome.com/doku.php?id=wiki:user:CryptoAddicto)
Emfox,1Emfox1WswYcd2YucUskRzqfRWKkcm1Jut,34/5-Marketing(http://devtome.com/doku.php?id=wiki:user:Emfox)
Emilianoz,1EykDePNj9311jvwcUaZczCjNFQ6Ep1zmi,3/5-Marketing(http://devtome.com/doku.php?id=wiki:user:Emilianoz)
Fheenix,1JvdsgxiJQYAJSE4Tjs3BWbXZk6Kw9mxnB,16/5-Marketing(http://devtome.com/doku.php?id=wiki:user:Fheenix)
FuzzyBear,18xskifRMWUtMzbHSzQi7rEWF5upmktgF2,13/5-Marketing(http://devtome.com/doku.php?id=wiki:user:FuzzyBear)
Grc,1FxaZmCkaqkKxbBz52fNAMe9bRn2GoECvf,1/5-Marketing(http://devtome.com/doku.php?id=wiki:user:Grc)
Icoin,18HfzUZXGA3FZ1BM8abEmjBT9Wg52qQ4Sr,3/5-Marketing(http://devtome.com/doku.php?id=wiki:user:Icoin)
JackRussell,1CcWpm9HSqZwE96H3SeB7V1QGUhGHfxJh,2/5-Marketing(http://devtome.com/doku.php?id=wiki:user:JackRussell)
Jasinlee,1Ahu957fXXwhJ5LqmpxMFHVWwSQ7h4PkXb,21/5-Marketing(http://devtome.com/doku.php?id=wiki:user:Jasinlee)
Knotwork,121Pb2BBrU7C61vBdWCKVuFFmaEZr6xFAX,6/5-Marketing(http://devtome.com/doku.php?id=wiki:user:Knotwork)
Marticps,12UVr7jmrEitXQfzDPXAQ7etiVaa21p4iT,1/5-Marketing(http://devtome.com/doku.php?id=wiki:user:Marticps)
Metazilla,1CJSRunQtPQsiZRK7vznyeCfyDTb2kxGA8,1/5-Marketing(http://devtome.com/doku.php?id=wiki:user:Metazilla)
Raptorak,1ASdsZ1JUwtVXDfYBx7MRNMeHQ8J51pSRw,14/5-Marketing(http://devtome.com/doku.php?id=wiki:user:Raptorak)
The_Goat_Master,1KGxe5my4BWjt9CExxPTWBRLVfdfeB6Ery,1/5-Marketing(http://devtome.com/doku.php?id=wiki:user:The_Goat_Master)
Twobits,13A2e3wX9MVMtP1JMxGFcbd2ZuSeVLe8uZ,8/5-Marketing(http://devtome.com/doku.php?id=wiki:user:Twobits)
Unthinkingbit,17vec4jQGCzMEsTnivizHPaowE715tu2CB,6/5-Marketing(http://devtome.com/doku.php?id=wiki:user:Unthinkingbit)
Weisoq,1Cy9e1Yuwboj63XRkMkT6W6YsGDtYDrsUp,2/5-Marketing(http://devtome.com/doku.php?id=wiki:user:Weisoq)
Wiser,1LpoMowMPEVWk2LaJUdAUNaK7gBDRA1r7F,1/5-Marketing(http://devtome.com/doku.php?id=wiki:user:Wiser)
Xchrix,13Q4drkP51gHsabCUXC5XPEBEUUYurMdvB,18/5-Marketing(http://devtome.com/doku.php?id=wiki:user:Xchrix)
